0.19588375573356948
0.36885788987080254
0.31224172299106917
0.32482973193128906
0.33641871546705565
0.33371521582206093
0.3252000385026137
0.33124081989129384
0.33096945921579995
0.31757044335206347
0.2987900738666455
0.2903407027075688
0.27518821276724337
0.2713815489163001
0.27224650159478186
0.2639580389608939
0.2572183678795894
0.24741386969884235
0.22787303656339644
0.2196226571748654
0.21589743164678415
0.2148982415844997
0.2136748839666446
0.21417848753432434
0.21708916323880353
0.2208615723500649
0.4269573350995779
0.4200263866533836
0.1963589304064711
0.2123896228025357
0.20319886011381944
0.19828786892195543
0.19643503951529662
0.19974422976374626
0.1995825715114673
0.20225638094047704
0.20222612569729487
0.20226349120338757
0.2063766506065925
0.8471546100576719
0.41206588755051293
1.1040816373129685
0.500737813214461
0.21453255824744702
0.23287917320926985
0.23148661921421687
0.22969448886811733
0.23280269312361876
0.44204861390093964
0.9261620975534122
0.2628978053480387
0.2649054618428151
0.24873780464132628
0.24839902346332868
0.25081660779813925
0.4850658099850019
0.2445942099764943
0.2634037542094787
0.2590266784032186
0.25971171773970125
0.29433995179831984
0.3785043523708979
0.2663447890182336
0.2822660695016384
0.27402259603142737
0.27316006091733774
0.3061685588210821
0.31157289654016496
0.30075807971258955
0.28927840816477934
0.3395752528061469
0.3287647849569718
0.4412723978608847
0.327980527728796
0.31663840509951113
0.31011820676426094
0.33310555482904114
0.3247624362260103
0.32722335909803707
0.45095129176974297
0.3400810672094425
0.3361402940005064
0.32707260924081005
0.32365832798182964
0.3215933115532001
0.3200991946707169
0.3274701336522897
0.33339506288369497
0.32927104833225407
0.3266330975790819
0.32300961643457415
0.31785362501939135
0.5542684645950794
0.36019546364744504
1.0648405581216018
0.3774358979364236
0.35482617929577825
0.3459478671848774
0.4607068233191967
0.5040093845874071
