2.2709325185418128
0.9775563396016757
1.4460554540157318
1.500295207897822
1.4947383954127629
1.5310174663861593
1.5850163284937542
1.613323994676272
1.6001203006505966
1.6439043855667115
1.7247124447425206
1.7695301338036855
1.8390066663424174
1.8669736876090368
1.8862431313594181
1.9079147652784982
1.9452797885735829
1.9904331924517948
2.065006112456322
2.1232965487241744
2.1465981179475784
2.174068764646848
2.198734552462896
2.2057759483655293
2.22865230401357
2.2394245398044585
1.9880608523885408
1.8637331594030062
2.459258094231288
2.3196720296144484
2.362424070040385
2.3976799046993253
2.4444388556480408
2.439820348819097
2.4132615586121875
2.4015852147340775
2.3958603858947756
2.386250396768252
2.3671051253875097
1.4814736270407836
1.9937543501456578
1.3862453769147396
1.7271994629502296
2.3615370645125706
2.242689855098724
2.2170388531684875
2.222288095553716
2.2068192021052044
2.05292629023393
1.0834178066253661
1.9988861026366551
1.970869128505389
2.0570323226849236
2.0650491007169087
2.0586020123958586
1.6778784084320069
2.051733135978381
1.9761657744646073
2.0138232731819152
2.0364288357893625
1.9523133279879887
1.7898592435320217
1.941979400118192
1.8628503040472666
1.9231729290882746
1.9489434458812078
1.9088593260447184
1.8377537790934244
1.815514355301857
1.8306984621286393
1.7974612657229105
1.7693483690420786
1.569004422823588
1.7417119470238687
1.7174612869819006
1.7685023320714632
1.7413132278124492
1.7515604003270466
1.707425817847252
1.5849353098869323
1.7244289702177047
1.6553808981180191
1.6868714997172356
1.7105147201816242
1.7302837747335433
1.770898915330569
1.7027851446469624
1.6922152131795882
1.7144781198104222
1.7113764055569967
1.71907794713974
1.7392509601513544
1.5810763003925483
1.7271057762702307
1.3141513831416767
1.5439040820797285
1.5864567026495933
1.6271795922517776
1.5780115218957265
1.3864445637663205
